{
  "nodes": [
    {
      "id": 0,
      "name": "Depot 0"
    },
    {
      "id": 1,
      "name": "Customer 1"
    },
    {
      "id": 2,
      "name": "Customer 2"
    },
    {
      "id": 3,
      "name": "Customer 3"
    }
  ],
  "distance_matrix": [
    [
      0.0,
      25.0,
      15.0,
      35.0
    ],
    [
      25.0,
      0.0,
      35.0,
      66.0
    ],
    [
      15.0,
      35.0,
      0.0,
      33.0
    ],
    [
      35.0,
      66.0,
      33.0,
      0.0
    ]
  ],
  "travel_time_matrix": [
    [
      0.0,
      25.0,
      15.0,
      35.0
    ],
    [
      25.0,
      0.0,
      35.0,
      66.0
    ],
    [
      15.0,
      35.0,
      0.0,
      33.0
    ],
    [
      35.0,
      66.0,
      33.0,
      0.0
    ]
  ],
  "units": {
    "distance": "km",
    "time": "minutes"
  }
}