{
  "points": {
    "depots": [
      {
        "id": 0,
        "name": "Depot (Gudang)",
        "x": 0,
        "y": 0,
        "time_window": {
          "start": "08:30",
          "end": "17:00"
        },
        "service_time": 0
      }
    ],
    "customers": [
      {
        "id": 1,
        "name": "RSUD Kota Malang",
        "x": 8,
        "y": 12,
        "demand": 51.0,
        "time_window": {
          "start": "08:20",
          "end": "10:00"
        },
        "service_time": 25
      },
      {
        "id": 2,
        "name": "Puskesmas Dinoyo",
        "x": 20,
        "y": 15,
        "demand": 17.0,
        "time_window": {
          "start": "07:00",
          "end": "09:45"
        },
        "service_time": 9
      },
      {
        "id": 3,
        "name": "Puskesmas Mojolar",
        "x": 5,
        "y": 25,
        "demand": 12.0,
        "time_window": {
          "start": "09:20",
          "end": "12:00"
        },
        "service_time": 6
      },
      {
        "id": 4,
        "name": "Puskesmas Arjowinangun",
        "x": 24,
        "y": 4,
        "demand": 40.0,
        "time_window": {
          "start": "08:30",
          "end": "11:30"
        },
        "service_time": 20
      },
      {
        "id": 5,
        "name": "RS Lavalette",
        "x": 28,
        "y": 18,
        "demand": 68.0,
        "time_window": {
          "start": "09:00",
          "end": "11:45"
        },
        "service_time": 34
      },
      {
        "id": 6,
        "name": "Puskesmas Sukun",
        "x": 14,
        "y": 6,
        "demand": 18.0,
        "time_window": {
          "start": "08:30",
          "end": "11:00"
        },
        "service_time": 9
      },
      {
        "id": 7,
        "name": "Klinik Kahuripan",
        "x": 18,
        "y": 24,
        "demand": 24.0,
        "time_window": {
          "start": "08:20",
          "end": "11:00"
        },
        "service_time": 12
      },
      {
        "id": 8,
        "name": "RS Mitra Sehat",
        "x": 32,
        "y": 8,
        "demand": 47.0,
        "time_window": {
          "start": "08:30",
          "end": "13:00"
        },
        "service_time": 24
      },
      {
        "id": 9,
        "name": "Puskesmas Lowokwaru",
        "x": 10,
        "y": 22,
        "demand": 28.0,
        "time_window": {
          "start": "09:00",
          "end": "11:00"
        },
        "service_time": 15
      },
      {
        "id": 10,
        "name": "RS Panti Nirmala",
        "x": 36,
        "y": 22,
        "demand": 43.0,
        "time_window": {
          "start": "09:00",
          "end": "12:30"
        },
        "service_time": 23
      }
    ]
  },
  "inputData": {
    "customerTimeWindows": [
      {
        "demand": 51.0,
        "tw_start": "08:20",
        "tw_end": "10:00",
        "service_time": 25
      },
      {
        "demand": 17.0,
        "tw_start": "07:00",
        "tw_end": "09:45",
        "service_time": 9
      },
      {
        "demand": 12.0,
        "tw_start": "09:20",
        "tw_end": "12:00",
        "service_time": 6
      },
      {
        "demand": 40.0,
        "tw_start": "08:30",
        "tw_end": "11:30",
        "service_time": 20
      },
      {
        "demand": 68.0,
        "tw_start": "09:00",
        "tw_end": "11:45",
        "service_time": 34
      },
      {
        "demand": 18.0,
        "tw_start": "08:30",
        "tw_end": "11:00",
        "service_time": 9
      },
      {
        "demand": 24.0,
        "tw_start": "08:20",
        "tw_end": "11:00",
        "service_time": 12
      },
      {
        "demand": 47.0,
        "tw_start": "08:30",
        "tw_end": "13:00",
        "service_time": 24
      },
      {
        "demand": 28.0,
        "tw_start": "09:00",
        "tw_end": "11:00",
        "service_time": 15
      },
      {
        "demand": 43.0,
        "tw_start": "09:00",
        "tw_end": "12:30",
        "service_time": 23
      }
    ],
    "customerDemand": [
      51.0,
      17.0,
      12.0,
      40.0,
      68.0,
      18.0,
      24.0,
      47.0,
      28.0,
      43.0
    ],
    "distanceMatrix": [
      [
        0.0,
        14.42221,
        25.0,
        25.4951,
        24.33105,
        33.28663,
        15.23155,
        30.0,
        32.98485,
        24.16609,
        42.19005
      ],
      [
        14.42221,
        0.0,
        12.36932,
        13.34166,
        16.03122,
        20.88061,
        8.485281,
        10.04988,
        24.02082,
        10.19804,
        29.73214
      ],
      [
        25.0,
        12.36932,
        0.0,
        18.02776,
        11.7047,
        8.544004,
        10.81665,
        9.219544,
        13.89244,
        12.20656,
        17.46425
      ],
      [
        25.4951,
        13.34166,
        18.02776,
        0.0,
        28.3196,
        24.04163,
        32.28002,
        13.0384,
        31.90611,
        5.830952,
        31.14482
      ],
      [
        24.33105,
        16.03122,
        11.7047,
        28.3196,
        0.0,
        14.56022,
        10.19804,
        20.88061,
        8.944272,
        22.80351,
        21.63331
      ],
      [
        33.28663,
        20.88061,
        8.544004,
        24.04163,
        14.56022,
        0.0,
        18.43909,
        11.6619,
        10.77033,
        18.43909,
        8.944272
      ],
      [
        15.23155,
        8.485281,
        10.81665,
        32.28002,
        10.19804,
        18.43909,
        0.0,
        18.43909,
        18.11077,
        16.49242,
        27.20294
      ],
      [
        30.0,
        10.04988,
        9.219544,
        13.0384,
        20.88061,
        11.6619,
        18.43909,
        0.0,
        21.26029,
        8.246211,
        18.11077
      ],
      [
        32.98485,
        24.02082,
        13.89244,
        31.90611,
        8.944272,
        10.77033,
        18.11077,
        21.26029,
        0.0,
        26.07681,
        14.56022
      ],
      [
        24.16609,
        10.19804,
        12.20656,
        5.830952,
        22.80351,
        18.43909,
        16.49242,
        8.246211,
        26.07681,
        0.0,
        26.0
      ],
      [
        42.19005,
        29.73214,
        17.46425,
        31.14482,
        21.63331,
        8.944272,
        27.20294,
        18.11077,
        14.56022,
        26.0,
        0.0
      ]
    ],
    "distance_multiplier": 1.0
  },
  "user_vehicles": [
    {
      "id": "Fleet A",
      "name": "Fleet A",
      "capacity": 60,
      "units": 2,
      "available_from": "08:30",
      "available_until": "17:00",
      "enabled": true,
      "fixed_cost": 50000,
      "variable_cost_per_km": 1000
    },
    {
      "id": "Fleet B",
      "name": "Fleet B",
      "capacity": 100,
      "units": 2,
      "available_from": "08:30",
      "available_until": "17:00",
      "enabled": true,
      "fixed_cost": 60000,
      "variable_cost_per_km": 1000
    },
    {
      "id": "Fleet C",
      "name": "Fleet C",
      "capacity": 150,
      "units": 1,
      "available_from": "08:30",
      "available_until": "17:00",
      "enabled": true,
      "fixed_cost": 70000,
      "variable_cost_per_km": 1000
    }
  ],
  "acs_params": {
    "alpha": 0.5,
    "beta": 2.0,
    "rho": 0.2,
    "q0": 0.85,
    "num_ants": 2,
    "max_iterations": 2
  },
  "kapasitas_kendaraan": 100,
  "iterasi": 2
}