{
  "points": {
    "depots": [
      {
        "id": 0,
        "name": "Kantor Pusat (Kayutangan)",
        "x": 0.5,
        "y": 0.5,
        "time_window": {
          "start": "08:00",
          "end": "16:00"
        },
        "service_time": 0
      }
    ],
    "customers": [
      {
        "id": 1,
        "name": "Puskesmas Dinoyo",
        "x": -3.0,
        "y": 3.2,
        "demand": 12,
        "time_window": {
          "start": "09:00",
          "end": "12:00"
        },
        "service_time": 10
      },
      {
        "id": 2,
        "name": "Puskesmas Kendalsari",
        "x": 2.5,
        "y": 3.0,
        "demand": 8,
        "time_window": {
          "start": "09:00",
          "end": "12:00"
        },
        "service_time": 10
      },
      {
        "id": 3,
        "name": "Puskesmas Janti",
        "x": 4.0,
        "y": -2.5,
        "demand": 14,
        "time_window": {
          "start": "09:00",
          "end": "12:00"
        },
        "service_time": 10
      },
      {
        "id": 4,
        "name": "Puskesmas Kedungkandang",
        "x": 5.5,
        "y": -1.5,
        "demand": 11,
        "time_window": {
          "start": "09:00",
          "end": "12:00"
        },
        "service_time": 10
      },
      {
        "id": 5,
        "name": "Puskesmas Arjowinangun",
        "x": 3.0,
        "y": -5.0,
        "demand": 13,
        "time_window": {
          "start": "09:00",
          "end": "12:00"
        },
        "service_time": 10
      },
      {
        "id": 6,
        "name": "Puskesmas Mulyorejo",
        "x": -5.0,
        "y": -3.0,
        "demand": 14,
        "time_window": {
          "start": "09:00",
          "end": "12:00"
        },
        "service_time": 10
      },
      {
        "id": 7,
        "name": "Puskesmas Bareng",
        "x": -1.5,
        "y": 0.0,
        "demand": 9,
        "time_window": {
          "start": "09:00",
          "end": "12:00"
        },
        "service_time": 10
      },
      {
        "id": 8,
        "name": "Puskesmas Pandanwangi",
        "x": 5.0,
        "y": 4.0,
        "demand": 12,
        "time_window": {
          "start": "09:00",
          "end": "12:00"
        },
        "service_time": 10
      },
      {
        "id": 9,
        "name": "Puskesmas Cisadea",
        "x": 2.0,
        "y": 3.5,
        "demand": 9,
        "time_window": {
          "start": "09:00",
          "end": "12:00"
        },
        "service_time": 10
      },
      {
        "id": 10,
        "name": "Klinik Bunga Melati",
        "x": 0.8,
        "y": 1.8,
        "demand": 7,
        "time_window": {
          "start": "09:00",
          "end": "12:00"
        },
        "service_time": 10
      },
      {
        "id": 11,
        "name": "Klinik Kimia Farma Ijen",
        "x": -1.2,
        "y": 1.5,
        "demand": 13,
        "time_window": {
          "start": "09:00",
          "end": "12:00"
        },
        "service_time": 10
      },
      {
        "id": 12,
        "name": "Apotek K24 Suhat",
        "x": -2.2,
        "y": 4.2,
        "demand": 10,
        "time_window": {
          "start": "09:00",
          "end": "12:00"
        },
        "service_time": 10
      }
    ]
  },
  "inputData": {
    "customerTimeWindows": [
      {
        "demand": 12.0,
        "tw_start": "09:00",
        "tw_end": "12:00",
        "service_time": 10
      },
      {
        "demand": 8.0,
        "tw_start": "09:00",
        "tw_end": "12:00",
        "service_time": 10
      },
      {
        "demand": 14.0,
        "tw_start": "09:00",
        "tw_end": "12:00",
        "service_time": 10
      },
      {
        "demand": 11.0,
        "tw_start": "09:00",
        "tw_end": "12:00",
        "service_time": 10
      },
      {
        "demand": 13.0,
        "tw_start": "09:00",
        "tw_end": "12:00",
        "service_time": 10
      },
      {
        "demand": 14.0,
        "tw_start": "09:00",
        "tw_end": "12:00",
        "service_time": 10
      },
      {
        "demand": 9.0,
        "tw_start": "09:00",
        "tw_end": "12:00",
        "service_time": 10
      },
      {
        "demand": 12.0,
        "tw_start": "09:00",
        "tw_end": "12:00",
        "service_time": 10
      },
      {
        "demand": 9.0,
        "tw_start": "09:00",
        "tw_end": "12:00",
        "service_time": 10
      },
      {
        "demand": 7.0,
        "tw_start": "09:00",
        "tw_end": "12:00",
        "service_time": 10
      },
      {
        "demand": 13.0,
        "tw_start": "09:00",
        "tw_end": "12:00",
        "service_time": 10
      },
      {
        "demand": 10.0,
        "tw_start": "09:00",
        "tw_end": "12:00",
        "service_time": 10
      }
    ],
    "customerDemand": [
      12.0,
      8.0,
      14.0,
      11.0,
      13.0,
      14.0,
      9.0,
      12.0,
      9.0,
      7.0,
      13.0,
      10.0
    ],
    "distanceMatrix": [
      [
        0.0,
        4.4204,
        3.2016,
        4.6098,
        5.3852,
        6.0415,
        6.5192,
        2.0616,
        5.7009,
        3.3541,
        1.3342,
        1.9723,
        4.5804
      ],
      [
        4.4204,
        0.0,
        5.5036,
        9.0272,
        9.7129,
        10.1607,
        6.5146,
        3.5341,
        8.0399,
        5.009,
        4.0497,
        2.4759,
        1.2806
      ],
      [
        3.2016,
        5.5036,
        0.0,
        5.7009,
        5.4083,
        8.0156,
        9.6047,
        5.0,
        2.6926,
        0.7071,
        2.0809,
        3.9925,
        4.8508
      ],
      [
        4.6098,
        9.0272,
        5.7009,
        0.0,
        1.8028,
        2.6926,
        9.0139,
        6.0415,
        6.5765,
        6.3246,
        5.36,
        6.5605,
        9.1285
      ],
      [
        5.3852,
        9.7129,
        5.4083,
        1.8028,
        0.0,
        4.3012,
        10.6066,
        7.1589,
        5.5227,
        6.1033,
        5.7428,
        7.341,
        9.5802
      ],
      [
        6.0415,
        10.1607,
        8.0156,
        2.6926,
        4.3012,
        0.0,
        8.2462,
        6.7268,
        9.2195,
        8.5586,
        7.147,
        7.7389,
        10.5679
      ],
      [
        6.5192,
        6.5146,
        9.6047,
        9.0139,
        10.6066,
        8.2462,
        0.0,
        4.6098,
        12.2066,
        9.5525,
        7.5286,
        5.8898,
        7.7253
      ],
      [
        2.0616,
        3.5341,
        5.0,
        6.0415,
        7.1589,
        6.7268,
        4.6098,
        0.0,
        7.6322,
        4.9497,
        2.9206,
        1.5297,
        4.2579
      ],
      [
        5.7009,
        8.0399,
        2.6926,
        6.5765,
        5.5227,
        9.2195,
        12.2066,
        7.6322,
        0.0,
        3.0414,
        4.7413,
        6.6851,
        7.2028
      ],
      [
        3.3541,
        5.009,
        0.7071,
        6.3246,
        6.1033,
        8.5586,
        9.5525,
        4.9497,
        3.0414,
        0.0,
        2.0809,
        3.7736,
        4.2579
      ],
      [
        1.3342,
        4.0497,
        2.0809,
        5.36,
        5.7428,
        7.147,
        7.5286,
        2.9206,
        4.7413,
        2.0809,
        0.0,
        2.0224,
        3.8419
      ],
      [
        1.9723,
        2.4759,
        3.9925,
        6.5605,
        7.341,
        7.7389,
        5.8898,
        1.5297,
        6.6851,
        3.7736,
        2.0224,
        0.0,
        2.8792
      ],
      [
        4.5804,
        1.2806,
        4.8508,
        9.1285,
        9.5802,
        10.5679,
        7.7253,
        4.2579,
        7.2028,
        4.2579,
        3.8419,
        2.8792,
        0.0
      ]
    ],
    "distance_multiplier": 1.5
  },
  "user_vehicles": [
    {
      "id": "Fleet A - Mobil Vaksin Kecil",
      "name": "Fleet A - Mobil Vaksin Kecil",
      "capacity": 60,
      "units": 2,
      "available_from": "08:30",
      "available_until": "17:00",
      "enabled": true,
      "fixed_cost": 50000,
      "variable_cost_per_km": 1000
    },
    {
      "id": "Fleet B - Mobil Vaksin Besar",
      "name": "Fleet B - Mobil Vaksin Besar",
      "capacity": 100,
      "units": 2,
      "available_from": "08:30",
      "available_until": "17:00",
      "enabled": true,
      "fixed_cost": 60000,
      "variable_cost_per_km": 1000
    }
  ],
  "acs_params": {
    "alpha": 1.0,
    "beta": 3.0,
    "rho": 0.1,
    "q0": 0.5,
    "num_ants": 12,
    "max_iterations": 50
  },
  "kapasitas_kendaraan": 50,
  "iterasi": 50,
  "distanceMatrix_size": 13
}